REMARK Secondary Structure Prediction for Chemical Shift Input 2n71.tab
 
REMARK     H-Helix    E-Strand   L-Coil (Chemical shift based)
REMARK     h-Helix    e-Strand   c-Coil (Sequence based)
 
REMARK Reference:
REMARK  Y. Shen, and A. Bax:
REMARK  Protein backbone and sidechain torsion angles predicted from NMR
REMARK  chemical shifts using artificial neural networks
REMARK  J. Biomol. NMR, 56, 227-241(2013).
 
DATA FIRST_RESID 1
 
DATA SEQUENCE     AEDcVGRKAc TREWYPVcGS DGVTYSNPcN FSAQQEQcDP NITIAHMGEc 
DATA PREDICTED_SS LLLLEEEEEL LLLEELEELL LLEELLLHHH HHHHHHHLLL LLLELLLLLL 
DATA CONFIDENCE   0544452763 6863332479 9807288899 9999874598 8822257850 

DATA SEQUENCE     
DATA PREDICTED_SS 
DATA CONFIDENCE   

VARS RESID RESNAME CS_CNT CS_CNT_R2 Q_H Q_E Q_L CONFIDENCE SS_CLASS
FORMAT %4d %1s %2d %2d %8.3f %8.3f %8.3f %4.2f %s

    1 A  8  3    0.333    0.333    0.333 0.00 L
    2 E 11  5    0.177    0.092    0.731 0.55 L
    3 D 14  3    0.036    0.275    0.689 0.41 L
    4 c 15  6    0.035    0.276    0.689 0.41 L
    5 V 17  6    0.000    0.735    0.265 0.47 E
    6 G 17  5    0.000    0.768    0.232 0.54 E
    7 R 17  6    0.000    0.628    0.372 0.26 E
    8 K 18  6    0.007    0.885    0.108 0.78 E
    9 A 18  6    0.000    0.821    0.179 0.64 E
   10 c 18  6    0.000    0.318    0.682 0.36 L
   11 T 18  6    0.005    0.177    0.818 0.64 L
   12 R 18  6    0.010    0.081    0.909 0.83 L
   13 E 18  6    0.016    0.176    0.808 0.63 L
   14 W 16  6    0.000    0.660    0.340 0.32 E
   15 Y 14  4    0.000    0.670    0.330 0.34 E
   16 P 14  4    0.000    0.324    0.676 0.35 L
   17 V 16  6    0.000    0.607    0.393 0.21 E
   18 c 17  6    0.000    0.713    0.287 0.43 E
   19 G 17  5    0.009    0.128    0.864 0.74 L
   20 S 17  6    0.015    0.037    0.948 0.91 L
   21 D 17  6    0.008    0.035    0.957 0.92 L
   22 G 16  5    0.034    0.062    0.903 0.84 L
   23 V 16  5    0.000    0.515    0.485 0.03 E
   24 T 17  6    0.005    0.853    0.142 0.71 E
   25 Y 18  6    0.006    0.369    0.625 0.26 L
   26 S 17  6    0.014    0.078    0.908 0.83 L
   27 N 15  5    0.060    0.015    0.926 0.87 L
   28 P 15  4    0.917    0.009    0.074 0.84 H
   29 c 16  6    0.981    0.009    0.010 0.97 H
   30 N 18  6    0.995    0.000    0.005 0.99 H
   31 F 18  6    0.992    0.001    0.007 0.98 H
   32 S 18  6    0.994    0.001    0.005 0.99 H
   33 A 18  6    0.994    0.000    0.006 0.99 H
   34 Q 18  6    0.977    0.000    0.023 0.95 H
   35 Q 18  6    0.924    0.000    0.076 0.85 H
   36 E 18  6    0.895    0.000    0.105 0.79 H
   37 Q 18  6    0.736    0.002    0.262 0.47 H
   38 c 17  6    0.216    0.000    0.784 0.57 L
   39 D 15  5    0.019    0.022    0.959 0.94 L
   40 P 15  4    0.047    0.041    0.912 0.87 L
   41 N 16  6    0.050    0.035    0.915 0.87 L
   42 I 18  6    0.005    0.075    0.919 0.84 L
   43 T 18  6    0.034    0.381    0.585 0.20 L
   44 I 18  6    0.012    0.619    0.369 0.25 E
   45 A 18  6    0.068    0.331    0.601 0.27 L
   46 H 18  6    0.048    0.211    0.741 0.53 L
   47 M 17  6    0.012    0.095    0.893 0.80 L
   48 G 17  5    0.004    0.052    0.943 0.89 L
   49 E 16  6    0.125    0.138    0.736 0.60 L
   50 c 11  5    0.333    0.333    0.333 0.00 L
