REMARK Secondary Structure Prediction for Chemical Shift Input 2mfa.tab
 
REMARK     H-Helix    E-Strand   L-Coil (Chemical shift based)
REMARK     h-Helix    e-Strand   c-Coil (Sequence based)
 
REMARK Reference:
REMARK  Y. Shen, and A. Bax:
REMARK  Protein backbone and sidechain torsion angles predicted from NMR
REMARK  chemical shifts using artificial neural networks
REMARK  J. Biomol. NMR, 56, 227-241(2013).
 
DATA FIRST_RESID 1
 
DATA SEQUENCE     LKcFQHGKVV TcHRDMKFcY HNTGMPFRNL KLILQGcSSS cSETENNKcc 
DATA PREDICTED_SS LEEELLLEEE ELLLLLLEEE EEELLLLLLL LEEEEELLLL LLLLLLEEEE 
DATA CONFIDENCE   0074285348 6360581899 9854888888 4598401078 8971775988 

DATA SEQUENCE     STDRcNK
DATA PREDICTED_SS ELLLLLL
DATA CONFIDENCE   5178720

VARS RESID RESNAME CS_CNT CS_CNT_R2 Q_H Q_E Q_L CONFIDENCE SS_CLASS
FORMAT %4d %1s %2d %2d %8.3f %8.3f %8.3f %4.2f %s

    1 L  8  3    0.333    0.333    0.333 0.00 L
    2 K 13  5    0.022    0.503    0.475 0.03 E
    3 c 14  5    0.000    0.853    0.147 0.71 E
    4 F 14  4    0.000    0.712    0.288 0.42 E
    5 Q 14  5    0.005    0.371    0.623 0.25 L
    6 H 14  5    0.015    0.083    0.902 0.82 L
    7 G 13  4    0.030    0.197    0.774 0.58 L
    8 K 13  4    0.000    0.680    0.320 0.36 E
    9 V 14  5    0.000    0.744    0.256 0.49 E
   10 V 15  5    0.000    0.904    0.096 0.81 E
   11 T 15  5    0.000    0.843    0.157 0.69 E
   12 c 14  5    0.001    0.341    0.658 0.32 L
   13 H 14  4    0.092    0.115    0.793 0.68 L
   14 R 14  5    0.428    0.106    0.466 0.04 L
   15 D 15  5    0.208    0.029    0.763 0.56 L
   16 M 15  5    0.071    0.038    0.891 0.82 L
   17 K 15  5    0.013    0.442    0.545 0.10 L
   18 F 15  5    0.000    0.916    0.084 0.83 E
   19 c 15  5    0.021    0.961    0.018 0.94 E
   20 Y 15  5    0.028    0.961    0.011 0.93 E
   21 H 15  5    0.034    0.960    0.007 0.93 E
   22 N 15  5    0.056    0.921    0.023 0.87 E
   23 T 14  5    0.004    0.766    0.230 0.54 E
   24 G 14  4    0.006    0.297    0.697 0.40 L
   25 M 12  5    0.013    0.062    0.926 0.86 L
   26 P 13  3    0.015    0.051    0.934 0.88 L
   27 F 13  5    0.045    0.052    0.902 0.85 L
   28 R 15  5    0.055    0.048    0.897 0.84 L
   29 N 15  5    0.046    0.039    0.914 0.87 L
   30 L 15  5    0.017    0.079    0.904 0.83 L
   31 K 15  5    0.043    0.249    0.708 0.46 L
   32 L 15  5    0.000    0.771    0.229 0.54 E
   33 I 14  5    0.000    0.968    0.032 0.94 E
   34 L 14  4    0.002    0.906    0.093 0.81 E
   35 Q 13  5    0.075    0.699    0.226 0.47 E
   36 G 14  4    0.010    0.501    0.489 0.01 E
   37 c 14  5    0.000    0.401    0.599 0.20 L
   38 S 15  5    0.000    0.495    0.505 0.01 L
   39 S 15  5    0.021    0.110    0.870 0.76 L
   40 S 15  5    0.000    0.089    0.911 0.82 L
   41 c 15  5    0.014    0.049    0.937 0.89 L
   42 S 15  5    0.011    0.044    0.945 0.90 L
   43 E 14  5    0.018    0.117    0.865 0.75 L
   44 T 14  4    0.052    0.392    0.556 0.16 L
   45 E 13  5    0.026    0.112    0.862 0.75 L
   46 N 14  4    0.052    0.117    0.832 0.72 L
   47 N 13  5    0.000    0.753    0.247 0.51 E
   48 K 14  4    0.002    0.951    0.047 0.90 E
   49 c 14  5    0.000    0.947    0.053 0.89 E
   50 c 15  5    0.007    0.912    0.081 0.83 E
   51 S 15  5    0.022    0.746    0.232 0.51 E
   52 T 15  5    0.006    0.398    0.596 0.20 L
   53 D 15  5    0.011    0.106    0.882 0.78 L
   54 R 15  5    0.023    0.068    0.909 0.84 L
   55 c 15  5    0.021    0.120    0.859 0.74 L
   56 N 16  5    0.019    0.343    0.638 0.29 L
   57 K 11  6    0.333    0.333    0.333 0.00 L
