DATA RESID RESNAME CS_CNT CS_CNT_R2 Q_H Q_E Q_L CONFIDENCE SS_CLASS
1 c 8 3 0.333 0.333 0.333 0.00 L
2 K 12 5 0.000 0.290 0.710 0.42 L
3 G 14 4 0.025 0.110 0.866 0.76 L
4 K 13 5 0.008 0.046 0.947 0.90 L
5 G 14 4 0.015 0.040 0.945 0.90 L
6 A 14 5 0.017 0.073 0.909 0.84 L
7 S 15 5 0.011 0.145 0.844 0.70 L
8 c 15 5 0.000 0.169 0.831 0.66 L
9 R 14 5 0.046 0.047 0.907 0.86 L
10 R 12 4 0.929 0.015 0.056 0.87 H
11 T 12 3 0.980 0.009 0.011 0.97 H
12 S 13 5 0.931 0.002 0.067 0.86 H
13 Y 14 5 0.621 0.015 0.364 0.26 H
14 D 14 4 0.157 0.083 0.760 0.60 L
15 c 14 5 0.007 0.092 0.901 0.81 L
16 c 14 5 0.037 0.098 0.865 0.77 L
17 T 13 4 0.170 0.078 0.752 0.58 L
18 G 13 4 0.125 0.040 0.834 0.71 L
19 S 13 5 0.045 0.030 0.926 0.88 L
20 c 13 4 0.036 0.057 0.908 0.85 L
21 R 13 4 0.042 0.271 0.687 0.42 L
22 S 13 5 0.041 0.069 0.890 0.82 L
23 G 13 4 0.118 0.063 0.819 0.70 L
24 R 8 4 0.333 0.333 0.333 0.00 L
25 c 8 4 0.333 0.333 0.333 0.00 L