REMARK Secondary Structure Prediction for Chemical Shift Input 2mf3.tab
 
REMARK     H-Helix    E-Strand   L-Coil (Chemical shift based)
REMARK     h-Helix    e-Strand   c-Coil (Sequence based)
 
REMARK Reference:
REMARK  Y. Shen, and A. Bax:
REMARK  Protein backbone and sidechain torsion angles predicted from NMR
REMARK  chemical shifts using artificial neural networks
REMARK  J. Biomol. NMR, 56, 227-241(2013).
 
DATA FIRST_RESID 1
 
DATA SEQUENCE     SKEcMTDGTV cYIHNHNDcc GScLcSNGPI ARPWEMMVGN cMcGPKA
DATA PREDICTED_SS LEEEELLLLE EEELLLLLLL LEEEEELLLL LLLLLLEELE EEELLLL
DATA CONFIDENCE   0003638844 7504787202 4599956876 7984635404 8976840

VARS RESID RESNAME CS_CNT CS_CNT_R2 Q_H Q_E Q_L CONFIDENCE SS_CLASS
FORMAT %4d %1s %2d %2d %8.3f %8.3f %8.3f %4.2f %s

    1 S  9  3    0.333    0.333    0.333 0.00 L
    2 K 15  6    0.000    0.520    0.480 0.04 E
    3 E 18  6    0.000    0.532    0.468 0.06 E
    4 c 18  6    0.000    0.659    0.341 0.32 E
    5 M 18  6    0.000    0.836    0.164 0.67 E
    6 T 18  6    0.011    0.318    0.671 0.35 L
    7 D 17  6    0.001    0.085    0.914 0.83 L
    8 G 17  5    0.010    0.055    0.935 0.88 L
    9 T 17  6    0.008    0.286    0.706 0.42 L
   10 V 18  6    0.000    0.710    0.290 0.42 E
   11 c 18  6    0.000    0.883    0.117 0.77 E
   12 Y 18  6    0.000    0.768    0.232 0.54 E
   13 I 18  6    0.000    0.513    0.487 0.03 E
   14 H 18  6    0.010    0.274    0.716 0.44 L
   15 N 18  6    0.013    0.098    0.890 0.79 L
   16 H 18  6    0.002    0.075    0.923 0.85 L
   17 N 18  6    0.016    0.105    0.879 0.77 L
   18 D 18  6    0.000    0.352    0.648 0.30 L
   19 c 18  6    0.010    0.484    0.506 0.02 L
   20 c 17  6    0.009    0.352    0.639 0.29 L
   21 G 17  5    0.016    0.271    0.713 0.44 L
   22 S 17  6    0.000    0.797    0.203 0.59 E
   23 c 18  6    0.015    0.952    0.033 0.92 E
   24 L 18  6    0.018    0.965    0.017 0.95 E
   25 c 18  6    0.038    0.939    0.023 0.90 E
   26 S 18  6    0.018    0.752    0.230 0.52 E
   27 N 16  6    0.009    0.165    0.826 0.66 L
   28 G 14  4    0.007    0.058    0.935 0.88 L
   29 P 14  4    0.027    0.103    0.870 0.77 L
   30 I 16  6    0.035    0.136    0.829 0.69 L
   31 A 17  6    0.015    0.111    0.874 0.76 L
   32 R 15  5    0.006    0.039    0.955 0.92 L
   33 P 15  4    0.052    0.045    0.903 0.85 L
   34 W 16  6    0.227    0.089    0.683 0.46 L
   35 E 18  6    0.123    0.092    0.785 0.66 L
   36 M 18  6    0.073    0.271    0.656 0.39 L
   37 M 18  6    0.000    0.759    0.241 0.52 E
   38 V 17  6    0.002    0.726    0.272 0.45 E
   39 G 17  5    0.000    0.470    0.530 0.06 L
   40 N 17  6    0.000    0.719    0.281 0.44 E
   41 c 18  6    0.000    0.929    0.071 0.86 E
   42 M 18  6    0.012    0.971    0.017 0.95 E
   43 c 16  6    0.078    0.824    0.099 0.72 E
   44 G 14  4    0.007    0.163    0.830 0.67 L
   45 P 14  4    0.024    0.082    0.894 0.81 L
   46 K 15  6    0.012    0.270    0.718 0.45 L
   47 A 11  5    0.333    0.333    0.333 0.00 L
