REMARK Secondary Structure Prediction for Chemical Shift Input 2n8e.tab
 
REMARK     H-Helix    E-Strand   L-Coil (Chemical shift based)
REMARK     h-Helix    e-Strand   c-Coil (Sequence based)
 
REMARK Reference:
REMARK  Y. Shen, and A. Bax:
REMARK  Protein backbone and sidechain torsion angles predicted from NMR
REMARK  chemical shifts using artificial neural networks
REMARK  J. Biomol. NMR, 56, 227-241(2013).
 
DATA FIRST_RESID 1
 
DATA SEQUENCE     cRIPNQKcF QHLDDccSRK cNRFNKcVLP ETGGG
DATA PREDICTED_SS xLLLLLLLLL LHHHHLLLLL ELLLLEEELL LLLLLx
DATA CONFIDENCE   0088332736 3337502780 2688707859 998700

VARS RESID RESNAME CS_CNT CS_CNT_R2 Q_H Q_E Q_L CONFIDENCE SS_CLASS
FORMAT %4d %1s %2d %2d %8.3f %8.3f %8.3f %4.2f %s

    0 ? 10  0    0.000    0.000    0.000 0.00 x
    1 c  9  4    0.333    0.333    0.333 0.00 L
    2 R 14  5    0.017    0.074    0.909 0.84 L
    3 I 12  5    0.021    0.072    0.907 0.84 L
    4 P 12  2    0.316    0.052    0.632 0.32 L
    5 N 12  5    0.311    0.049    0.640 0.33 L
    6 Q 15  5    0.360    0.037    0.602 0.24 L
    7 K 15  5    0.070    0.081    0.849 0.77 L
    8 c 14  5    0.000    0.337    0.663 0.33 L
    9 F 14  4    0.012    0.192    0.795 0.60 L
   10 Q 14  5    0.278    0.056    0.666 0.39 L
   11 H 15  5    0.651    0.029    0.319 0.33 H
   12 L 14  5    0.644    0.019    0.337 0.31 H
   13 D 13  4    0.858    0.016    0.126 0.73 H
   14 D 13  4    0.792    0.000    0.208 0.58 H
   15 c 13  5    0.454    0.001    0.545 0.09 L
   16 c 14  4    0.337    0.053    0.610 0.27 L
   17 S 14  5    0.101    0.016    0.883 0.78 L
   18 R 15  5    0.054    0.065    0.881 0.82 L
   19 K 15  5    0.019    0.446    0.535 0.09 L
   20 c 15  5    0.018    0.620    0.362 0.26 E
   21 N 15  5    0.014    0.147    0.838 0.69 L
   22 R 15  5    0.017    0.042    0.941 0.90 L
   23 F 15  5    0.050    0.050    0.900 0.85 L
   24 N 15  5    0.070    0.077    0.853 0.78 L
   25 K 15  5    0.002    0.547    0.450 0.10 E
   26 c 15  5    0.000    0.856    0.144 0.71 E
   27 V 15  5    0.042    0.882    0.076 0.81 E
   28 L 13  5    0.005    0.204    0.791 0.59 L
   29 P 13  3    0.013    0.043    0.944 0.90 L
   30 E 13  5    0.018    0.030    0.952 0.92 L
   31 T 14  5    0.021    0.034    0.945 0.91 L
   32 G 13  4    0.028    0.040    0.933 0.89 L
   33 G 12  4    0.098    0.088    0.814 0.72 L
   34 G  8  4    0.333    0.333    0.333 0.00 L
   35 ? 10  0    0.000    0.000    0.000 0.00 x
